SVM:

auc =

   0.96990
   0.91463
   0.87463
   0.85517
   0.75862
   0.74147
   0.96897
   0.95630
   0.67373
   0.75290
   0.97167
   1.00000
   0.76727

auc_mean =  0.86194

REDES NEURONALES:

auc =

   0.96230
   0.93445
   0.82567
   0.81974
   0.71581
   0.77578
   0.91658
   0.92941
   0.69419
   0.71493
   0.92791
   0.93486
   0.75457
   
   
auc_mean =  0.84048


REGRESIÓN LOGÍSTICA:

