# Created by Octave 4.0.2, Wed Feb 08 22:06:44 2017 CET <mario@mario-XPS-L412Z>
# name: predicted_labels
# type: matrix
# rows: 148
# columns: 1
 1
 1
 1
 1
 1
 1
 1
 1
 4
 1
 1
 1
 1
 1
 1
 1
 1
 1
 1
 1
 1
 2
 1
 1
 1
 1
 1
 1
 6
 1
 1
 1
 1
 1
 1
 1
 1
 1
 1
 1
 1
 1
 1
 1
 1
 1
 1
 1
 1
 2
 1
 13
 1
 2
 1
 1
 1
 2
 3
 3
 3
 4
 4
 4
 1
 5
 13
 1
 6
 1
 13
 1
 7
 7
 7
 8
 8
 9
 13
 9
 13
 9
 13
 9
 13
 9
 13
 9
 13
 9
 13
 9
 13
 9
 13
 9
 13
 9
 13
 9
 13
 9
 13
 9
 13
 9
 13
 10
 2
 10
 1
 10
 10
 2
 10
 10
 1
 11
 11
 11
 11
 12
 12
 12
 12
 12
 13
 13
 13
 13
 13
 1
 1
 13
 13
 13
 13
 1
 13
 13
 13
 13
 1
 13
 13
 13
 13
 13


# name: Y_test
# type: matrix
# rows: 148
# columns: 1
 1
 1
 1
 1
 1
 1
 1
 1
 1
 1
 1
 1
 1
 1
 1
 1
 1
 1
 1
 1
 1
 1
 1
 1
 1
 1
 1
 1
 1
 1
 1
 1
 1
 1
 1
 1
 1
 1
 1
 1
 1
 1
 1
 1
 1
 1
 1
 1
 1
 2
 2
 2
 2
 2
 2
 2
 2
 2
 3
 3
 3
 4
 4
 4
 5
 5
 5
 6
 6
 6
 6
 6
 7
 7
 7
 8
 8
 9
 9
 9
 9
 9
 9
 9
 9
 9
 9
 9
 9
 9
 9
 9
 9
 9
 9
 9
 9
 9
 9
 9
 9
 9
 9
 9
 9
 9
 9
 10
 10
 10
 10
 10
 10
 10
 10
 10
 10
 11
 11
 11
 11
 12
 12
 12
 12
 12
 13
 13
 13
 13
 13
 13
 13
 13
 13
 13
 13
 13
 13
 13
 13
 13
 13
 13
 13
 13
 13
 13


