# Created by Octave 4.0.0, Sat Jan 14 11:28:20 2017 CET <ubuntu@ubuntu-XPS-L412Z>
# name: aucs
# type: matrix
# rows: 13
# columns: 243
 0 0.9448979591836735 0.9612244897959183 0 0.983673469387755 0.9265306122448981 0 0.9714285714285714 0.9346938775510204 0 0.9412244897959184 0.9706122448979591 0 0.9653061224489796 0.9346938775510205 0 0.9612244897959183 0.9526530612244896 0 0.983673469387755 0.9302040816326532 0 0.9346938775510205 0.9673469387755101 0 0.9485714285714286 0.9387755102040817 0 0.9673469387755101 0.9591836734693876 0 0.9020408163265305 0.9693877551020409 0 0.9828571428571428 0.9689795918367347 0 0.9628571428571429 0.9693877551020409 0 0.9510204081632653 0.9914285714285713 0 0.9530612244897958 0.9571428571428571 0 0.9820408163265305 0.9706122448979592 0 0.9738775510204082 0.9730612244897959 0 0.9689795918367347 0.9248979591836736 0 0.9338775510204083 0.8938775510204083 0 0.963265306122449 0.9583673469387755 0 0.9653061224489796 0.9853061224489796 0 0.9681632653061225 0.9485714285714286 0 0.9718367346938774 0.9791836734693877 0 0.9514285714285714 0.9281632653061226 0 0.9804081632653061 0.9910204081632652 0 0.9730612244897958 0.9510204081632653 0 0.9583673469387755 0.9779591836734693 0 0.9530612244897958 0.9608163265306121 0 0.9551020408163264 0.9371428571428572 0 0.9412244897959183 0.9248979591836736 0 0.9559183673469388 0.9612244897959183 0 0.9612244897959183 0.9591836734693877 0 0.9542857142857142 0.9575510204081632 0 0.9485714285714286 0.9118367346938777 0 0.9400000000000001 0.9338775510204083 0 0.9387755102040817 0.9608163265306121 0 0.9346938775510205 0.9265306122448979 0 0.9583673469387755 0.9844897959183673 0 1 0.9861224489795918 0 0.9608163265306122 0.9738775510204082 0 0.9861224489795918 0.9542857142857142 0 0.910204081632653 0.9510204081632653 0 0.9681632653061225 0.9428571428571428 0 0.9281632653061226 0.9657142857142856 0 0.9706122448979592 0.9265306122448981 0 0.9542857142857141 0.9816326530612245 0 0.953469387755102 0.9510204081632653 0 0.9510204081632653 0.963265306122449 0 0.9706122448979592 0.986938775510204 0 0.9346938775510204 0.9673469387755101 0 0.9436734693877551 0.9551020408163264 0 0.9914285714285713 0.9755102040816327 0 0.9400000000000001 0.922857142857143 0 0.9461224489795919 0.9281632653061226 0 0.9771428571428572 0.9457142857142857 0 0.9673469387755103 0.96 0 0.9657142857142856 0.9640816326530611 0 0.9706122448979592 0.9591836734693876 0 0.9844897959183673 0.9738775510204082 0 0.9804081632653062 0.953469387755102 0 0.9738775510204082 0.9840816326530613 0 0.9428571428571427 0.9844897959183673 0 0.9816326530612245 0.9804081632653061 0 0.9375510204081633 0.9314285714285716 0 0.9559183673469388 0.9653061224489796 0 0.9706122448979593 0.9428571428571428 0 0.9693877551020409 0.9379591836734694 0 0.9118367346938777 0.9457142857142857 0 0.9477551020408164 0.9657142857142856 0 0.9775510204081632 0.9755102040816327 0 0.9657142857142857 0.9844897959183673 0 0.9530612244897958 0.9853061224489795 0 0.9314285714285716 0.9612244897959183 0 0.9640816326530611 0.9551020408163264 0 0.9342857142857144 0.976734693877551 0 0.9689795918367347 0.9542857142857143 0 0.9689795918367347 0.9461224489795919 0 0.9542857142857142 0.9922448979591836 0 0.9461224489795919 0.946938775510204 0 0.9346938775510205 0.9142857142857144 0 0.9742857142857142 0.9804081632653061
 0 0.4456790123456791 0.7469135802469135 0 0.7432098765432098 0.6580246913580249 0 0.7209876543209875 0.7160493827160491 0 0.8148148148148148 0.5567901234567902 0 0.6037037037037037 0.7086419753086418 0 0.7469135802469135 0.7999999999999999 0 0.6185185185185185 0.7592592592592592 0 0.5333333333333333 0.9197530864197533 0 0.6148148148148148 0.8419753086419753 0 0.7407407407407406 0.7469135802469135 0 0.722222222222222 0.5456790123456791 0 0.5654320987654322 0.6802469135802471 0 0.5567901234567902 0.9333333333333337 0 0.7469135802469135 0.748148148148148 0 0.7925925925925925 0.6617283950617286 0 0.6913580246913582 0.5456790123456791 0 0.9148148148148151 0.9012345679012349 0 0.8691358024691359 0.7358024691358024 0 0.6814814814814816 0.6765432098765433 0 0.6432098765432102 0.7851851851851851 0 0.7888888888888889 0.6864197530864196 0 0.8580246913580248 0.7370370370370369 0 0.748148148148148 0.7580246913580246 0 0.6753086419753088 0.6876543209876544 0 0.8111111111111111 0.6296296296296295 0 0.5654320987654322 0.6654320987654322 0 0.7160493827160491 0.7395061728395061 0 0.562962962962963 0.6333333333333333 0 0.6666666666666669 0.7209876543209875 0 0.6753086419753088 0.625925925925926 0 0.5888888888888888 0.6641975308641977 0 0.8592592592592593 0.6074074074074074 0 0.7111111111111109 0.6493827160493829 0 0.7296296296296295 0.6641975308641977 0 0.8654320987654321 0.7395061728395061 0 0.7962962962962963 0.5222222222222223 0 0.7333333333333333 0.825925925925926 0 0.554320987654321 0.5592592592592593 0 0.6851851851851853 0.7962962962962962 0 0.8283950617283952 0.7962962962962962 0 0.7469135802469135 0.8197530864197533 0 0.6827160493827162 0.7419753086419753 0 0.9148148148148151 0.6481481481481483 0 0.6641975308641977 0.6802469135802471 0 0.7160493827160491 0.6148148148148148 0 0.6814814814814816 0.7469135802469135 0 0.6222222222222222 0.6790123456790125 0 0.5197530864197532 0.8370370370370371 0 0.6555555555555558 0.6740740740740743 0 0.8074074074074074 0.5925925925925926 0 0.7111111111111109 0.6 0 0.7999999999999999 0.6703703703703705 0 0.6419753086419755 0.5160493827160495 0 0.5172839506172839 0.5654320987654322 0 0.7777777777777777 0.7308641975308641 0 0.774074074074074 0.5888888888888888 0 0.6790123456790125 0.6925925925925928 0 0.8037037037037036 0.6975308641975311 0 0.7962962962962962 0.7851851851851851 0 0.8037037037037036 0.7419753086419753 0 0.7888888888888889 0.8679012345679014 0 0.5567901234567902 0.7530864197530863 0 0.7419753086419753 0.7382716049382715 0 0.7518518518518518 0.6679012345679014 0 0.7160493827160491 0.6 0 0.6444444444444446 0.7469135802469135 0 0.7370370370370369 0.7962962962962962 0 0.669135802469136 0.7271604938271604 0 0.8037037037037036 0.6975308641975311 0 0.7061728395061726 0.6 0 0.7469135802469135 0.6864197530864199 0 0.8074074074074074 0.669135802469136 0 0.6740740740740743 0.7209876543209875 0 0.7888888888888889 0.6506172839506174 0 0.7925925925925926 0.7530864197530863 0 0.6802469135802471 0.7814814814814814 0 0.7469135802469135 0.611111111111111 0 0.7962962962962962 0.6975308641975311 0 0.7395061728395061 0.6629629629629631 0 0.7888888888888889 0.7518518518518518 0 0.6148148148148148 0.5962962962962962
 0 1 1 0 1 1 0 1 1 0 1 1 0 1 0.798611111111111 0 1 1 0 1 1 0 1 1 0 1 0.798611111111111 0 1 1 0 1 0.9895833333333334 0 1 1 0 0.7951388888888888 1 0 1 1 0 1 1 0 1 1 0 1 1 0 1 1 0 1 1 0 1 1 0 0.7951388888888888 0.7951388888888888 0 1 1 0 0.7916666666666666 0.798611111111111 0 1 1 0 1 1 0 0.7951388888888888 1 0 1 1 0 1 1 0 0.798611111111111 0.798611111111111 0 1 1 0 0.798611111111111 1 0 1 0.798611111111111 0 1 1 0 1 0.798611111111111 0 0.7916666666666666 1 0 1 1 0 0.798611111111111 0.7951388888888888 0 1 0.7916666666666666 0 1 1 0 1 1 0 1 1 0 1 1 0 1 1 0 1 0.798611111111111 0 1 1 0 1 1 0 1 1 0 1 1 0 1 1 0 1 0.7951388888888888 0 1 1 0 1 1 0 1 1 0 1 1 0 1 0.7951388888888888 0 1 0.7916666666666666 0 0.798611111111111 0.798611111111111 0 1 1 0 0.7916666666666666 1 0 1 1 0 1 0.798611111111111 0 1 1 0 1 1 0 0.7881944444444444 1 0 1 1 0 0.7881944444444444 0.798611111111111 0 0.7881944444444444 1 0 1 1 0 1 1 0 1 0.798611111111111 0 1 1 0 1 1 0 1 1 0 1 1 0 1 1 0 1 1 0 1 1 0 1 1 0 1 1 0 0.798611111111111 1 0 1 0.7881944444444444
