==================

==========REDES NEURONALES========

==================

number_classes =  13
auc =

   0.98707
   0.80380
   0.83476
   0.82051
   0.62678
   0.53043
   1.00000
   1.00000
   0.67373
   0.76545
   1.00000
   1.00000
   0.96939

true_positives =

   44
    5
    2
    2
    1
    1
    3
    2
    1
    7
    4
    5
   22

false_positives =

   9
   0
   0
   1
   3
   2
   0
   0
   0
   3
   0
   0
   3

true_negatives =

    62
   111
   117
   116
   114
   113
   117
   118
   118
   107
   116
   115
    95

false_negatives =

   5
   4
   1
   1
   2
   4
   0
   0
   1
   3
   0
   0
   0

precision =

   0.83019
   1.00000
   1.00000
   0.66667
   0.25000
   0.33333
   1.00000
   1.00000
   1.00000
   0.70000
   1.00000
   1.00000
   0.88000

recall =

   0.89796
   0.55556
   0.66667
   0.66667
   0.33333
   0.20000
   1.00000
   1.00000
   0.50000
   0.70000
   1.00000
   1.00000
   1.00000

auc_mean =  0.84707
true_positives_mean =  7.6154
false_positives_mean =  1.6154
true_negatives_mean =  109.15
false_negatives_mean =  1.6154
precision_mean =  0.82001
recall_mean =  0.73232
accuracy_total =  82.500