==================

==========REGRESION========

==================

number_classes =  13
warning: division by zero
auc =

   0.96551
   0.65465
   0.50427
   0.80057
   0.45299
   0.38261
   0.95726
   0.96610
   0.67373
   0.64091
   0.97414
   0.96522
   0.54545

true_positives =

   39
    2
    0
    2
    0
    0
    3
    2
    1
    5
    4
    5
   12

false_positives =

   12
    1
    0
    6
    1
    4
    7
    4
    0
    0
    3
    7
    0

true_negatives =

    59
   110
   117
   111
   116
   111
   110
   114
   118
   110
   113
   108
    98

false_negatives =

   10
    7
    3
    1
    3
    5
    0
    0
    1
    5
    0
    0
   10

precision =

   0.76471
   0.66667
       NaN
   0.25000
   0.00000
   0.00000
   0.30000
   0.33333
   1.00000
   1.00000
   0.57143
   0.41667
   1.00000

recall =

   0.79592
   0.22222
   0.00000
   0.66667
   0.00000
   0.00000
   1.00000
   1.00000
   0.50000
   0.50000
   1.00000
   1.00000
   0.54545

auc_mean =  0.72949
true_positives_mean =  5.7692
false_positives_mean =  3.4615
true_negatives_mean =  107.31
false_negatives_mean =  3.4615
precision_mean =  0.52523
recall_mean =  0.55617
accuracy_total =  62.500