==================

==========SVM========

==================

number_classes =  13
auc =

   0.98620
   0.84384
   1.00000
   0.64957
   0.63533
   0.65043
   1.00000
   1.00000
   0.67373
   0.70727
   1.00000
   1.00000
   0.91558

true_positives =

   45
    6
    3
    1
    1
    2
    3
    2
    1
    6
    4
    5
   21

false_positives =

   12
    2
    0
    1
    0
    0
    0
    0
    0
    1
    0
    0
    4

true_negatives =

    59
   109
   117
   116
   117
   115
   117
   118
   118
   109
   116
   115
    94

false_negatives =

   4
   3
   0
   2
   2
   3
   0
   0
   1
   4
   0
   0
   1

precision =

   0.78947
   0.75000
   1.00000
   0.50000
   1.00000
   1.00000
   1.00000
   1.00000
   1.00000
   0.85714
   1.00000
   1.00000
   0.84000

recall =

   0.91837
   0.66667
   1.00000
   0.33333
   0.33333
   0.40000
   1.00000
   1.00000
   0.50000
   0.60000
   1.00000
   1.00000
   0.95455

auc_mean =  0.85092
true_positives_mean =  7.6923
false_positives_mean =  1.5385
true_negatives_mean =  109.23
false_negatives_mean =  1.5385
precision_mean =  0.90282
recall_mean =  0.74663
accuracy_total =  83.333
